6
60
34
37
25
73
27
62
50
38
37
55
63
30
57
72
16
42
26
25
37
44
84
55
62
22
11
15
19
59
40
90
35
79
17
43
17
20
41
31
28
10
35
68
41
47
52
14
23
67
77
18
76
76
75
49
47
30
82
61
44
76
1
79
73
11
80
41
91
39
92
94
14
55
24
85
38
53
9
71
41
68
39
18
70
35
35
46
97
55
53
46
47
96
87
77
1
73
93
11
35
2
73
24
98
91
94
47
99
84
61
7
32
84
84
23
66
99
78
80
89
36
21
6
35
43
6
24
7
4
23
88
90
4
67
67
22
10
84
33
71
91
63
38
99
79
92
10
42
45
45
75
13
93
24
20
44
72
65
88
4
60
91
89
64
95
76
17
48
47
35
73
11
68
13
29
42
49
4
70
6
89
40
85
47
6
68
17
83
9
26
6
26
54
31
66
92
17
86
33
89
30
21
72
98
57
77
38
21
31
14
8
67
47
66
43
77
12
45
41
0
20
91
64
22
69
85
87
39
71
34
47
6
92
77
49
41
84
64
27
72
37
5
96
76
42
1
58
49
35
81
7
2
74
97
72
33
46
69
99
48
46
35
35
29
80
31
46
76
23
30
67
18
94
2
17
74
88
7
25
61
37
50
20
34
4
95
69
13
56
37
78
64
20
43
61
60
74
83
76
34
23
54
50
89
18
35
8
89
95
21
44
19
89
95
23
83
76
87
27
92
3
67
54
82
86
76
90
14
43
42
62
31
80
14
92
92
38
51
37
80
29
2
55
1
60
17
62
22
91
79
90
8
0
62
61
51
96
31
72
78
19
23
13
76
18
68
5
71
89
50
79
63
84
92
70
73
92
90
47
86
33
60
63
67
30
63
31
98
9
12
57
46
24
31
37
25
57
93
14
94
35
28
35
59
98
41
17
34
89
84
50
44
38
58
68
47
30
20
10
28
95
91
64
1
72
72
77
21
49
84
65
65
93
62
93
20
41
86
57
83
22
99
72
91
74
81
19
30
11
31
52
84
57
35
89
58
7
84
62
44
98
7
12
61
82
83
80
93
46
11
28
82
27
21
97
96
36
32
15
94
49
67
5
19
78
25
77
79
32
58
16
16
99
52
82
44
83
80
13
15
73
95
36
50
4
0
93
11
58
84
84
17
21
1
11
52
48
73
98
11
67
39
26
30
10
8
55
55
75
43
84
25
38
0
76
27
11
75
19
99
22
25
66
50
90
20
8
20
21
99
38
90
53
82
77
8
37
23
87
86
22
86
52
16
41
44
28
44
97
90
36
12
14
27
81
4
57
16
92
71
54
51
59
63
17
19
49
86
66
45
55
17
49
53
62
75
25
64
1
3
56
2
3
87
96
73
90
45
9
29
73
48
4
72
23
0
60
82
21
56
47
97
25
97
60
62
18
23
8
15
37
55
3
70
85
8
97
72
47
56
71
28
53
67
41
75
9
44
41
63
90
48
25
72
3
36
37
39
99
27
56
55
46
8
19
50
6
58
61
73
46
25
14
12
44
94
46
68
17
63
76
91
52
89
32
34
68
35
10
75
10
48
87
30
55
6
75
23
94
13
57
61
90
20
70
29
59
94
59
15
36
49
10
66
98
61
64
11
60
30
31
26
35
13
95
69
64
65
23
60
96
67
66
15
27
12
48
16
38
1
71
23
84
6
66
26
65
8
77
22
87
86
15
41
81
23
81
4
73
21
68
85
17
97
7
85
49
87
91
67
49
7
8
53
31
90
53
41
49
63
19
29
9
85
62
35
9
78
86
91
50
14
98
74
80
57
15
1
49
80
71
16
75
51
9
49
20
41
82
2
93
25
74
18
43
25
85
32
70
57
36
1
71
20
55
52
66
19
26
25
13
79
53
7
33
6
57
7
75
63
89
45
70
3
93
26
15
12
47
57
17
40
48
67
13
95
17
66
23
86
39
97
3
32
85
6
74
99
94
99
36
92
31
15
35
29
54
32
71
16
84
4
34
60
22
5
7
19
60
64
6
59
44
91
22
31
73
71
96
83
38
48
51
25
19
50
46
98
27
94
18
11
29
43
81
77
77
35
96
61
27
66
40
74
87
81
34
96
87
69
68
41
38
99
97
24
50
33
80
95
94
2
52
91
62
2
53
86
55
69
66
35
46
1
93
29
81
48
55
39
95
29
65
42
34
92
60
34
95
49
84
63
21
29
58
58
14
99
27
11
11
62
13
90
50
24
52
7
11
72
62
32
12
98
81
82
50
43
22
